Name = Su-37 Terminator
Weight = 50.0
InertiaMoment = 4.0
Thrust = 8.0
JetPos = -1.182617, -0.150029, -6.421999
CanardPos = -1.77773, 0.369087, 4.230682
ElevatorPos = -2.159478, -0.175126, -4.66514
WeaponPos0 = -7.13358, 0.379674, -2.591123
WeaponPos1 = -6.062166, 0.08501, -2.088631
WeaponPos2 = -4.540156, -0.08825, -1.090204
WeaponPos3 = -1.139073, -1.19897, 0.066277
EdgePos = -7.046773, 0.370064, -3.691027
CockpitPos = 0, 1.580635, 7.73701
GunPos = 0.868255, 0.69044, 5.06902