Name = F-22A Raptor
Weight = 55.0
InertiaMoment = 4.5
Thrust = 8.5
JetPos = -0.617637, -0.500147, -6.768647
ElevatorPos = -2.0604, -0.584426, -6.311994
WeaponPos0 = -0.65993, -1.804555, 0.964
WeaponPos1 = -1.400245, -1.51734, 1.118975
WeaponPos2 = -3.144033, -0.90606, -1.175797
WeaponPos3 = -3.845903, -0.923077, -2.40343
EdgePos = -6.87595, -0.81607, -3.87571
CockpitPos = 0, 0.291419, 5.737713
GunPos = 1.83078, -0.49968, 2.86915